a_s = 2.1841e-09
baryon_fraction = 0.16487455197132614
cs2_de = 1.0
h0 = 0.7
hubble = 70.0
k = -0.0
k_s = 0.05000000074505806
n_run = 0.0
n_s = 0.97
ombh2 = 0.022539999999999998
omch2 = 0.11417
omega_b = 0.046
omega_c = 0.23300000000000004
omega_k = 0.0
omega_lambda = 0.721
omega_m = 0.279
omega_nu = 0.0
ommh2 = 0.13671
omnuh2 = 0.0
r_t = 0.0
sigma_8 = 0.8205877345184536
tau = 0.0851
w = -1.0
wa = 0.0
yhe = 0.23999999463558197
